19038
19095
19149
19154
19168
19185
19205
19207
19213
19222
19223
19229
19230
19241
19242
19251
19262
19267
19273
19281
19283
19291
19294
19296
19302
19309
19310
19319
19324
19330
19335
19336
19342
19344
19352
19363
19372
19379
19380
19381
19382
19386
19388
19389
19406
19407
19418
19421
19432
19436
19440
19442
19446
19449
19469
19472
20007
20010
20016
20017
20025
20037
20038
20043
20044
20045
20056
20059
20060
20070
20074
20075
20079
20080
20082
20083
20086
20087
20088
20094
20095
20101
20103
20106
20107
20119
20120
20125
20143
20147
20152
20169
20177
20220
20227
20232
20234
20235
20236
20237
20243
20247
20258
20260
20262
20265
20285
20290
20295
20298
20301
20304
20311
20321
20330
20336
20349
20368
20369
20377
20379
20399
20413
20427
20440
20441
20469
20471
20472
20474
20477
20478
20485
20501
20506
20507
20512
20515
20531
20546
20556
20559
20561
20564
20568
20575
20591
20601
20602
20604
20605
20608
20611
20612
